13011900
09107000
14301000
13313000
09081600
09035900
13011500
12035000
13240000
12145500
06221400
09066000
13331500
14187000
06280300
12377150
13235000
12010000
09035800
11522500
14306500
07083000
06919500
06224000
12381400
14400000
14222500
02092500
03182500
03069500
03498500
01667500
14305500
12013500
14185000
11532500
03500000
10336645
08171300
14154500
06622700
13023000
01073000
06614800
02363000
12451000
03281500
11482500
02108000
11143000
09065500
13161500
11476600
06623800
11478500
11528700
05595730
02371500
09352900
12117000
